jar_leto
1.27
2.57
0.06
1.37
1.33
0.03
jesen
8.62
8.5
1.32
4.61
2.87
0.03
zima
0.0
0.0
0.0
0.0
0.0
0.0
jar_leto
1.27
2.57
0.06
1.37
1.33
0.03
jesen
8.62
8.5
1.32
4.61
2.87
0.03
zima
0.0
0.0
0.0
0.0
0.0
0.0
jar_leto
13.56
11.67
2.62
8.33
4.53
2.18
jesen
9.92
18.83
2.54
6.55
4.81
0.46
zima
0.0
0.0
0.0
0.0
0.0
0.0
jar_leto
jar_leto
4.70065127294257
11.425866666666666
8.66213857064921
0.9512444444444444
6.855073572864984
7.046665172453398
jesen
2.8178666666666667
2.707396301849075
2.5894666666666666
4.693077935112847
0.4400888888888889
0.0972549019607843
zima
0.0
0.0028
0.0
0.0
5.46268982847154e-05
0.03674425413555848
jar_leto
4.7
11.43
8.66
0.95
6.86
7.05
jesen
2.82
2.71
2.59
4.69
0.44
0.1
zima
0.0
0.0
0.0
0.0
0.0
0.04
jar_leto
1.27
2.57
0.06
1.37
1.33
0.03
jesen
8.62
8.5
1.32
4.61
2.87
0.03
zima
0.0
0.0
0.0
0.0
0.0
0.0
jar_leto
6.11
6.78
0.54
4.42
3.4
0.65
jesen
9.35
13.83
1.91
5.57
3.97
0.14
zima
0.0
0.0
0.0
0.0
0.0
0.0
jar_leto
6.11
6.78
0.54
4.42
3.4
0.65
jesen
9.35
13.83
1.91
5.57
3.97
0.14
zima
0.0
0.0
0.0
0.0
0.0
0.0
jar_leto
6.11
6.78
0.54
4.42
3.4
0.65
jesen
10.62
13.95
2.1
5.58
4.58
0.14
zima
0.0
0.0
0.0
0.0
0.0
0.0
jar_leto
6.11
6.78
0.54
4.42
3.4
0.65
jesen
10.62
13.95
2.1
5.58
4.58
0.14
zima
0.0
0.0
0.0
0.0
0.0
0.0
jar_leto
20.47
15.75
6.23
11.7
5.23
4.5
jesen
12.5
23.26
3.9
7.77
7.06
1.13
zima
0.0
0.0
0.0
0.0
0.0
0.0
notes
37.03
27.78
53.28
25.14
13.8
jar_leto
20.47
15.75
6.23
11.7
5.23
4.5
jesen
12.5
23.26
3.9
7.77
7.06
1.13
zima
0.0
0.0
0.0
0.0
0.0
0.0
jar_leto
20.47
15.75
6.23
11.7
5.23
4.5
jesen
12.5
23.26
3.9
7.77
7.06
1.13
zima
0.0
0.0
0.0
0.0
0.0
0.0
