jar_leto
21.98
14.49
15.12
33.11
17.7
18.9
jesen
jar_leto
21.98
14.49
15.12
33.11
17.7
18.9
jesen
13.88
33.66
36.35
13.06
17.42
27.05
zima
11.1
9.3
1.99
1.81
5.8
27.75
jar_leto
13.74
8.74
5.09
9.98
3.47
7.57
jesen
1.56
7.78
7.21
5.48
2.28
2.39
zima
2.02
1.03
0.0
0.17
0.3
4.37
jar_leto
13.74
8.74
5.09
9.98
3.47
7.57
jesen
1.56
7.78
7.21
5.48
2.28
2.39
zima
2.02
1.03
0.0
0.17
0.3
4.37
jar_leto
13.74
8.74
5.09
9.98
3.47
7.57
jesen
1.56
7.78
7.21
5.48
2.28
2.39
zima
2.02
1.03
0.0
0.17
0.3
4.37
jar_leto
13.74
8.74
5.09
9.98
3.47
7.57
jesen
1.56
7.78
7.21
5.48
2.28
2.39
zima
2.02
1.03
0.0
0.17
0.3
4.37
jar_leto
0.0
0.0
0.0
0.0
0.0
0.0
jesen
0.06
0.0
0.0
0.0
0.0
0.0
zima
0.0
0.0
0.0
0.0
0.0
0.0
jar_leto
0.0
0.0
0.0
0.0
0.0
0.0
jesen
2.36
0.08
0.0
0.32
0.87
0.0
zima
0.0
0.0
0.0
0.0
0.0
0.0
jar_leto
0.0
0.0
0.0
0.0
0.0
0.0
jesen
2.36
0.08
0.0
0.32
0.87
0.0
zima
0.0
0.0
0.0
0.0
0.0
0.0
jar_leto
0.1
0.08
0.0
0.25
0.0
0.0
jesen
6.61
1.71
0.17
1.55
2.59
0.01
zima
0.0
0.0
0.0
0.0
0.0
0.0
jar_leto
1.27
2.57
0.06
1.37
1.33
0.03
jesen
8.62
8.5
1.32
4.61
2.87
0.03
zima
0.0
0.0
0.0
0.0
0.0
0.0
jar_leto
13.74
8.74
5.09
9.98
3.47
7.57
jesen
1.56
7.78
7.21
5.48
2.28
2.39
zima
2.02
1.03
0.0
0.17
0.3
4.37
jar_leto
13.74
8.74
5.09
9.98
3.47
7.57
jesen
1.56
7.78
7.21
5.48
2.28
2.39
zima
2.02
1.03
0.0
0.17
0.3
4.37
