jar_leto
0.0, 0.0, 1.62
0.0, 0.0, 0.58
0.0, 0.0, 0.01
0.0, 0.0, 0.98
0.0, 0.0, 3.5
0.0, 0.0, 2.14
jesen
0.05, 0.01, 0.26
0.0, 0.0, 0.01
0.22, 0.0, 1.07
0.0, 0.0, 0.08
0.03, 0.0, 0.08
0.01, 0.0, 3.11
zima
0.0, 0.0, 0.0
0.0, 0.0, 0.0
0.0, 0.0, 0.0
0.0, 0.0, 0.0
0.0, 0.0, 0.0
0.0, 0.0, 0.0
jar_leto
0.0, 0.0, 1.62
0.0, 0.0, 0.58
0.0, 0.0, 0.01
0.0, 0.0, 0.98
0.0, 0.0, 3.5
0.0, 0.0, 2.14
jesen
0.05, 0.01, 0.26
0.0, 0.0, 0.01
0.22, 0.0, 1.07
0.0, 0.0, 0.08
0.03, 0.0, 0.08
0.01, 0.0, 3.11
zima
0.0, 0.0, 0.0
0.0, 0.0, 0.0
0.0, 0.0, 0.0
0.0, 0.0, 0.0
0.0, 0.0, 0.0
0.0, 0.0, 0.0
